{
 "cells": [
  {
   "cell_type": "code",
   "execution_count": 2,
   "metadata": {},
   "outputs": [],
   "source": [
    "%matplotlib inline\n",
    "import numpy as np\n",
    "import pandas as pd\n",
    "import matplotlib.pyplot as plt \n",
    "import seaborn as sns\n",
    "from sklearn.model_selection import train_test_split\n",
    "from sklearn.preprocessing import StandardScaler\n",
    "\n",
    "\n",
    "from sklearn.decomposition import PCA\n",
    "from scipy.stats import zscore"
   ]
  },
  {
   "cell_type": "code",
   "execution_count": 3,
   "metadata": {},
   "outputs": [
    {
     "data": {
      "text/html": [
       "<div>\n",
       "<style scoped>\n",
       "    .dataframe tbody tr th:only-of-type {\n",
       "        vertical-align: middle;\n",
       "    }\n",
       "\n",
       "    .dataframe tbody tr th {\n",
       "        vertical-align: top;\n",
       "    }\n",
       "\n",
       "    .dataframe thead th {\n",
       "        text-align: right;\n",
       "    }\n",
       "</style>\n",
       "<table border=\"1\" class=\"dataframe\">\n",
       "  <thead>\n",
       "    <tr style=\"text-align: right;\">\n",
       "      <th></th>\n",
       "      <th>IR</th>\n",
       "      <th>MR</th>\n",
       "      <th>FF</th>\n",
       "      <th>CR</th>\n",
       "      <th>CO</th>\n",
       "      <th>OP</th>\n",
       "      <th>Class</th>\n",
       "    </tr>\n",
       "  </thead>\n",
       "  <tbody>\n",
       "    <tr>\n",
       "      <th>0</th>\n",
       "      <td>P</td>\n",
       "      <td>P</td>\n",
       "      <td>A</td>\n",
       "      <td>A</td>\n",
       "      <td>A</td>\n",
       "      <td>P</td>\n",
       "      <td>NB</td>\n",
       "    </tr>\n",
       "    <tr>\n",
       "      <th>1</th>\n",
       "      <td>N</td>\n",
       "      <td>N</td>\n",
       "      <td>A</td>\n",
       "      <td>A</td>\n",
       "      <td>A</td>\n",
       "      <td>N</td>\n",
       "      <td>NB</td>\n",
       "    </tr>\n",
       "    <tr>\n",
       "      <th>2</th>\n",
       "      <td>A</td>\n",
       "      <td>A</td>\n",
       "      <td>A</td>\n",
       "      <td>A</td>\n",
       "      <td>A</td>\n",
       "      <td>A</td>\n",
       "      <td>NB</td>\n",
       "    </tr>\n",
       "    <tr>\n",
       "      <th>3</th>\n",
       "      <td>P</td>\n",
       "      <td>P</td>\n",
       "      <td>P</td>\n",
       "      <td>P</td>\n",
       "      <td>P</td>\n",
       "      <td>P</td>\n",
       "      <td>NB</td>\n",
       "    </tr>\n",
       "    <tr>\n",
       "      <th>4</th>\n",
       "      <td>N</td>\n",
       "      <td>N</td>\n",
       "      <td>P</td>\n",
       "      <td>P</td>\n",
       "      <td>P</td>\n",
       "      <td>N</td>\n",
       "      <td>NB</td>\n",
       "    </tr>\n",
       "  </tbody>\n",
       "</table>\n",
       "</div>"
      ],
      "text/plain": [
       "  IR MR FF CR CO OP Class\n",
       "0  P  P  A  A  A  P    NB\n",
       "1  N  N  A  A  A  N    NB\n",
       "2  A  A  A  A  A  A    NB\n",
       "3  P  P  P  P  P  P    NB\n",
       "4  N  N  P  P  P  N    NB"
      ]
     },
     "execution_count": 3,
     "metadata": {},
     "output_type": "execute_result"
    }
   ],
   "source": [
    "colnames = ['IR', 'MR', 'FF', 'CR', 'CO', 'OP', 'Class']\n",
    "QBank_df = pd.read_csv('Qualitative_Bankruptcy.data.txt', names= colnames)\n",
    "QBank_df.head()\n",
    "\n",
    "# The dataset has below six feature variables:\n",
    "# Industrial Risk(IR), Management Risk(MR), Financial Flexibility(FF), Credibility(CR), Competitiveness(CO), Operating Risk(OP)\n",
    "# 'Class' is the target variable."
   ]
  },
  {
   "cell_type": "code",
   "execution_count": 4,
   "metadata": {},
   "outputs": [
    {
     "name": "stdout",
     "output_type": "stream",
     "text": [
      "<class 'pandas.core.frame.DataFrame'>\n",
      "RangeIndex: 250 entries, 0 to 249\n",
      "Data columns (total 7 columns):\n",
      "IR       250 non-null object\n",
      "MR       250 non-null object\n",
      "FF       250 non-null object\n",
      "CR       250 non-null object\n",
      "CO       250 non-null object\n",
      "OP       250 non-null object\n",
      "Class    250 non-null object\n",
      "dtypes: object(7)\n",
      "memory usage: 13.8+ KB\n"
     ]
    }
   ],
   "source": [
    "QBank_df.info()"
   ]
  },
  {
   "cell_type": "code",
   "execution_count": 5,
   "metadata": {},
   "outputs": [
    {
     "data": {
      "text/html": [
       "<div>\n",
       "<style scoped>\n",
       "    .dataframe tbody tr th:only-of-type {\n",
       "        vertical-align: middle;\n",
       "    }\n",
       "\n",
       "    .dataframe tbody tr th {\n",
       "        vertical-align: top;\n",
       "    }\n",
       "\n",
       "    .dataframe thead th {\n",
       "        text-align: right;\n",
       "    }\n",
       "</style>\n",
       "<table border=\"1\" class=\"dataframe\">\n",
       "  <thead>\n",
       "    <tr style=\"text-align: right;\">\n",
       "      <th></th>\n",
       "      <th>IR</th>\n",
       "      <th>MR</th>\n",
       "      <th>FF</th>\n",
       "      <th>CR</th>\n",
       "      <th>CO</th>\n",
       "      <th>OP</th>\n",
       "    </tr>\n",
       "    <tr>\n",
       "      <th>Class</th>\n",
       "      <th></th>\n",
       "      <th></th>\n",
       "      <th></th>\n",
       "      <th></th>\n",
       "      <th></th>\n",
       "      <th></th>\n",
       "    </tr>\n",
       "  </thead>\n",
       "  <tbody>\n",
       "    <tr>\n",
       "      <th>B</th>\n",
       "      <td>107</td>\n",
       "      <td>107</td>\n",
       "      <td>107</td>\n",
       "      <td>107</td>\n",
       "      <td>107</td>\n",
       "      <td>107</td>\n",
       "    </tr>\n",
       "    <tr>\n",
       "      <th>NB</th>\n",
       "      <td>143</td>\n",
       "      <td>143</td>\n",
       "      <td>143</td>\n",
       "      <td>143</td>\n",
       "      <td>143</td>\n",
       "      <td>143</td>\n",
       "    </tr>\n",
       "  </tbody>\n",
       "</table>\n",
       "</div>"
      ],
      "text/plain": [
       "        IR   MR   FF   CR   CO   OP\n",
       "Class                              \n",
       "B      107  107  107  107  107  107\n",
       "NB     143  143  143  143  143  143"
      ]
     },
     "execution_count": 5,
     "metadata": {},
     "output_type": "execute_result"
    }
   ],
   "source": [
    "QBank_df.groupby([\"Class\"]).count()"
   ]
  },
  {
   "cell_type": "code",
   "execution_count": 6,
   "metadata": {},
   "outputs": [
    {
     "name": "stdout",
     "output_type": "stream",
     "text": [
      "   IR  MR  FF  CR  CO  OP\n",
      "0   2   2   0   0   0   2\n",
      "1   1   1   0   0   0   1\n",
      "2   0   0   0   0   0   0\n",
      "3   2   2   2   2   2   2\n",
      "4   1   1   2   2   2   1\n"
     ]
    }
   ],
   "source": [
    "from sklearn.preprocessing import LabelEncoder\n",
    "from sklearn.preprocessing import OrdinalEncoder\n",
    "\n",
    "X =  QBank_df.drop('Class', axis=1)\n",
    "y =  QBank_df.pop('Class')\n",
    "\n",
    "\n",
    "le = LabelEncoder()\n",
    "X_2 = X.apply(le.fit_transform)\n",
    "\n",
    "print(X_2.head())\n",
    "\n"
   ]
  },
  {
   "cell_type": "code",
   "execution_count": 7,
   "metadata": {},
   "outputs": [],
   "source": [
    "train_set, test_set, train_labels, test_labels = train_test_split(X_2, y, test_size=0.20, random_state=1)"
   ]
  },
  {
   "cell_type": "code",
   "execution_count": 8,
   "metadata": {},
   "outputs": [
    {
     "name": "stdout",
     "output_type": "stream",
     "text": [
      "Covariance Matrix \n",
      "%s [[ 0.64070352  0.03894472  0.04271357 -0.01984925  0.03592965  0.11482412]\n",
      " [ 0.03894472  0.5169598  -0.03643216  0.02022613 -0.08756281  0.1629397 ]\n",
      " [ 0.04271357 -0.03643216  0.53015075  0.02035176  0.09120603 -0.03090452]\n",
      " [-0.01984925  0.02022613  0.02035176  0.62811558  0.06474874  0.02972362]\n",
      " [ 0.03592965 -0.08756281  0.09120603  0.06474874  0.57464824 -0.06007538]\n",
      " [ 0.11482412  0.1629397  -0.03090452  0.02972362 -0.06007538  0.56057789]]\n"
     ]
    }
   ],
   "source": [
    "cov_matrix = np.cov(train_set.T)\n",
    "print('Covariance Matrix \\n%s', cov_matrix)"
   ]
  },
  {
   "cell_type": "code",
   "execution_count": 9,
   "metadata": {},
   "outputs": [
    {
     "name": "stdout",
     "output_type": "stream",
     "text": [
      "Eigen Vectors \n",
      "%s [[-0.40703332 -0.57265093 -0.47020112 -0.17972098 -0.37888712 -0.33083322]\n",
      " [-0.52211342  0.0474579   0.20631884 -0.70640982  0.33510935  0.2669546 ]\n",
      " [ 0.19322452 -0.4242269  -0.1451851   0.07149988  0.82371652 -0.27927759]\n",
      " [ 0.03587733 -0.40013359  0.83624843 -0.01709749 -0.1768868  -0.32819692]\n",
      " [ 0.36738141 -0.5549626  -0.02218038 -0.09638523 -0.12004358  0.72996909]\n",
      " [-0.62300036 -0.14751212  0.12434355  0.67378845  0.14120188  0.31736503]]\n",
      "\n",
      " Eigen Values \n",
      "%s [0.81545082 0.71964728 0.64343541 0.36368227 0.47272225 0.43621775]\n"
     ]
    }
   ],
   "source": [
    "eigenvalues, eigenvectors = np.linalg.eig(cov_matrix)\n",
    "print('Eigen Vectors \\n%s', eigenvectors)\n",
    "print('\\n Eigen Values \\n%s', eigenvalues)"
   ]
  },
  {
   "cell_type": "code",
   "execution_count": 10,
   "metadata": {},
   "outputs": [
    {
     "name": "stdout",
     "output_type": "stream",
     "text": [
      "[(0.8154508230073056, array([-0.40703332, -0.52211342,  0.19322452,  0.03587733,  0.36738141,\n",
      "       -0.62300036])), (0.7196472829764825, array([-0.57265093,  0.0474579 , -0.4242269 , -0.40013359, -0.5549626 ,\n",
      "       -0.14751212])), (0.6434354105457041, array([-0.47020112,  0.20631884, -0.1451851 ,  0.83624843, -0.02218038,\n",
      "        0.12434355])), (0.4727222459662546, array([-0.37888712,  0.33510935,  0.82371652, -0.1768868 , -0.12004358,\n",
      "        0.14120188])), (0.4362177495854721, array([-0.33083322,  0.2669546 , -0.27927759, -0.32819692,  0.72996909,\n",
      "        0.31736503])), (0.36368226681325494, array([-0.17972098, -0.70640982,  0.07149988, -0.01709749, -0.09638523,\n",
      "        0.67378845]))]\n",
      "Eigenvalues in descending order: \n",
      "[0.8154508230073056, 0.7196472829764825, 0.6434354105457041, 0.4727222459662546, 0.4362177495854721, 0.36368226681325494]\n"
     ]
    }
   ],
   "source": [
    "# Make a set of (eigenvalue, eigenvector) pairs\n",
    "eig_pairs = [(eigenvalues[index], eigenvectors[:,index]) for index in range(len(eigenvalues))]\n",
    "\n",
    "# Sort the (eigenvalue, eigenvector) pairs from highest to lowest with respect to eigenvalue\n",
    "eig_pairs.sort()\n",
    "\n",
    "eig_pairs.reverse()\n",
    "print(eig_pairs)\n",
    "\n",
    "# Extract the descending ordered eigenvalues and eigenvectors\n",
    "eigvalues_sorted = [eig_pairs[index][0] for index in range(len(eigenvalues))]\n",
    "eigvectors_sorted = [eig_pairs[index][1] for index in range(len(eigenvalues))]\n",
    "\n",
    "# Let's confirm our sorting worked, print out eigenvalues\n",
    "print('Eigenvalues in descending order: \\n%s' %eigvalues_sorted)"
   ]
  },
  {
   "cell_type": "code",
   "execution_count": 11,
   "metadata": {},
   "outputs": [
    {
     "name": "stdout",
     "output_type": "stream",
     "text": [
      "[0.23628340047533966, 0.20852355821707094, 0.18644055840093637, 0.13697505306981078, 0.12639758316711164, 0.10537984666973078]\n",
      "[0.2362834  0.44480696 0.63124752 0.76822257 0.89462015 1.        ]\n"
     ]
    }
   ],
   "source": [
    "tot = sum(eigenvalues)\n",
    "var_explained = [(i / tot) for i in sorted(eigenvalues, reverse=True)]  # an array of variance explained by each \n",
    "# eigen vector... there will be 6 entries as there are 6 eigen vectors)\n",
    "cum_var_exp = np.cumsum(var_explained)  # an array of cumulative variance. There will be 6 entries with 6 th entry \n",
    "# cumulative reaching almost 100%\n",
    "print(var_explained)\n",
    "print(cum_var_exp)"
   ]
  },
  {
   "cell_type": "code",
   "execution_count": 33,
   "metadata": {},
   "outputs": [
    {
     "data": {
      "text/plain": [
       "PCA(copy=True, iterated_power='auto', n_components=6, random_state=None,\n",
       "    svd_solver='auto', tol=0.0, whiten=False)"
      ]
     },
     "execution_count": 33,
     "metadata": {},
     "output_type": "execute_result"
    }
   ],
   "source": [
    "pca = PCA(n_components=6)\n",
    "pca.fit(train_set)"
   ]
  },
  {
   "cell_type": "code",
   "execution_count": 34,
   "metadata": {},
   "outputs": [
    {
     "data": {
      "text/plain": [
       "array([[ 0.40703332,  0.52211342, -0.19322452, -0.03587733, -0.36738141,\n",
       "         0.62300036],\n",
       "       [-0.57265093,  0.0474579 , -0.4242269 , -0.40013359, -0.5549626 ,\n",
       "        -0.14751212],\n",
       "       [-0.47020112,  0.20631884, -0.1451851 ,  0.83624843, -0.02218038,\n",
       "         0.12434355],\n",
       "       [ 0.37888712, -0.33510935, -0.82371652,  0.1768868 ,  0.12004358,\n",
       "        -0.14120188],\n",
       "       [ 0.33083322, -0.2669546 ,  0.27927759,  0.32819692, -0.72996909,\n",
       "        -0.31736503],\n",
       "       [ 0.17972098,  0.70640982, -0.07149988,  0.01709749,  0.09638523,\n",
       "        -0.67378845]])"
      ]
     },
     "execution_count": 34,
     "metadata": {},
     "output_type": "execute_result"
    }
   ],
   "source": [
    "pcacomp = pca.components_\n",
    "pcacomp"
   ]
  },
  {
   "cell_type": "code",
   "execution_count": 35,
   "metadata": {},
   "outputs": [
    {
     "data": {
      "text/html": [
       "<div>\n",
       "<style scoped>\n",
       "    .dataframe tbody tr th:only-of-type {\n",
       "        vertical-align: middle;\n",
       "    }\n",
       "\n",
       "    .dataframe tbody tr th {\n",
       "        vertical-align: top;\n",
       "    }\n",
       "\n",
       "    .dataframe thead th {\n",
       "        text-align: right;\n",
       "    }\n",
       "</style>\n",
       "<table border=\"1\" class=\"dataframe\">\n",
       "  <thead>\n",
       "    <tr style=\"text-align: right;\">\n",
       "      <th></th>\n",
       "      <th>IR</th>\n",
       "      <th>MR</th>\n",
       "      <th>FF</th>\n",
       "      <th>CR</th>\n",
       "      <th>CO</th>\n",
       "      <th>OP</th>\n",
       "    </tr>\n",
       "  </thead>\n",
       "  <tbody>\n",
       "    <tr>\n",
       "      <th>0</th>\n",
       "      <td>0.407033</td>\n",
       "      <td>0.522113</td>\n",
       "      <td>-0.193225</td>\n",
       "      <td>-0.035877</td>\n",
       "      <td>-0.367381</td>\n",
       "      <td>0.623000</td>\n",
       "    </tr>\n",
       "    <tr>\n",
       "      <th>1</th>\n",
       "      <td>-0.572651</td>\n",
       "      <td>0.047458</td>\n",
       "      <td>-0.424227</td>\n",
       "      <td>-0.400134</td>\n",
       "      <td>-0.554963</td>\n",
       "      <td>-0.147512</td>\n",
       "    </tr>\n",
       "    <tr>\n",
       "      <th>2</th>\n",
       "      <td>-0.470201</td>\n",
       "      <td>0.206319</td>\n",
       "      <td>-0.145185</td>\n",
       "      <td>0.836248</td>\n",
       "      <td>-0.022180</td>\n",
       "      <td>0.124344</td>\n",
       "    </tr>\n",
       "    <tr>\n",
       "      <th>3</th>\n",
       "      <td>0.378887</td>\n",
       "      <td>-0.335109</td>\n",
       "      <td>-0.823717</td>\n",
       "      <td>0.176887</td>\n",
       "      <td>0.120044</td>\n",
       "      <td>-0.141202</td>\n",
       "    </tr>\n",
       "    <tr>\n",
       "      <th>4</th>\n",
       "      <td>0.330833</td>\n",
       "      <td>-0.266955</td>\n",
       "      <td>0.279278</td>\n",
       "      <td>0.328197</td>\n",
       "      <td>-0.729969</td>\n",
       "      <td>-0.317365</td>\n",
       "    </tr>\n",
       "    <tr>\n",
       "      <th>5</th>\n",
       "      <td>0.179721</td>\n",
       "      <td>0.706410</td>\n",
       "      <td>-0.071500</td>\n",
       "      <td>0.017097</td>\n",
       "      <td>0.096385</td>\n",
       "      <td>-0.673788</td>\n",
       "    </tr>\n",
       "  </tbody>\n",
       "</table>\n",
       "</div>"
      ],
      "text/plain": [
       "         IR        MR        FF        CR        CO        OP\n",
       "0  0.407033  0.522113 -0.193225 -0.035877 -0.367381  0.623000\n",
       "1 -0.572651  0.047458 -0.424227 -0.400134 -0.554963 -0.147512\n",
       "2 -0.470201  0.206319 -0.145185  0.836248 -0.022180  0.124344\n",
       "3  0.378887 -0.335109 -0.823717  0.176887  0.120044 -0.141202\n",
       "4  0.330833 -0.266955  0.279278  0.328197 -0.729969 -0.317365\n",
       "5  0.179721  0.706410 -0.071500  0.017097  0.096385 -0.673788"
      ]
     },
     "execution_count": 35,
     "metadata": {},
     "output_type": "execute_result"
    }
   ],
   "source": [
    "pca_df = pd.DataFrame(pcacomp,columns=train_set.columns)\n",
    "pca_df"
   ]
  },
  {
   "cell_type": "code",
   "execution_count": 36,
   "metadata": {},
   "outputs": [],
   "source": [
    "Cluster_error = []"
   ]
  },
  {
   "cell_type": "code",
   "execution_count": 37,
   "metadata": {},
   "outputs": [
    {
     "data": {
      "text/html": [
       "<div>\n",
       "<style scoped>\n",
       "    .dataframe tbody tr th:only-of-type {\n",
       "        vertical-align: middle;\n",
       "    }\n",
       "\n",
       "    .dataframe tbody tr th {\n",
       "        vertical-align: top;\n",
       "    }\n",
       "\n",
       "    .dataframe thead th {\n",
       "        text-align: right;\n",
       "    }\n",
       "</style>\n",
       "<table border=\"1\" class=\"dataframe\">\n",
       "  <thead>\n",
       "    <tr style=\"text-align: right;\">\n",
       "      <th></th>\n",
       "      <th>num_clusters</th>\n",
       "      <th>cluster_errors</th>\n",
       "    </tr>\n",
       "  </thead>\n",
       "  <tbody>\n",
       "    <tr>\n",
       "      <th>0</th>\n",
       "      <td>1</td>\n",
       "      <td>5.0</td>\n",
       "    </tr>\n",
       "    <tr>\n",
       "      <th>1</th>\n",
       "      <td>2</td>\n",
       "      <td>4.0</td>\n",
       "    </tr>\n",
       "    <tr>\n",
       "      <th>2</th>\n",
       "      <td>3</td>\n",
       "      <td>3.0</td>\n",
       "    </tr>\n",
       "    <tr>\n",
       "      <th>3</th>\n",
       "      <td>4</td>\n",
       "      <td>2.0</td>\n",
       "    </tr>\n",
       "    <tr>\n",
       "      <th>4</th>\n",
       "      <td>5</td>\n",
       "      <td>1.0</td>\n",
       "    </tr>\n",
       "  </tbody>\n",
       "</table>\n",
       "</div>"
      ],
      "text/plain": [
       "   num_clusters  cluster_errors\n",
       "0             1             5.0\n",
       "1             2             4.0\n",
       "2             3             3.0\n",
       "3             4             2.0\n",
       "4             5             1.0"
      ]
     },
     "execution_count": 37,
     "metadata": {},
     "output_type": "execute_result"
    }
   ],
   "source": [
    "from sklearn.cluster import KMeans\n",
    "\n",
    "cluster_range = range( 1, 6 )\n",
    "\n",
    "for num_clusters in cluster_range:\n",
    "  clusters = KMeans( num_clusters,n_init = 5, random_state=2)\n",
    "  clusters.fit(pca_df)\n",
    "  labels = clusters.labels_\n",
    "  centroids = clusters.cluster_centers_\n",
    "  Cluster_error.append( clusters.inertia_ )\n",
    "clusters_df = pd.DataFrame( { \"num_clusters\":cluster_range, \"cluster_errors\": Cluster_error } )\n",
    "clusters_df[0:6]"
   ]
  },
  {
   "cell_type": "code",
   "execution_count": 38,
   "metadata": {},
   "outputs": [
    {
     "data": {
      "text/plain": [
       "[<matplotlib.lines.Line2D at 0x1a224b9f98>]"
      ]
     },
     "execution_count": 38,
     "metadata": {},
     "output_type": "execute_result"
    },
    {
     "data": {
